-0.0001 -0.0001
0.001347472929 0.001347472929
0.001347472929 0.000947472929
0.000947472929 0.000947472929
0.000947472929 0.0017474729289999999
0.0017474729289999999 0.0017474729289999999
0.0017474729289999999 0.000547472929
0.000547472929 0.000547472929
0.000547472929 0.002147472929
0.002147472929 0.002147472929
0.002147472929 0.00014747292899999997
0.00014747292899999997 0.00014747292899999997
0.00014747292899999997 0.002547472929
0.002547472929 0.002547472929
0.002547472929 -0.00025252707100000004
-0.00025252707100000004 -0.00025252707100000004
